# Data y including noise
0.226719630499693
0.216259469483597
0.195048232924474
0.205872806322223
0.207383372069078
0.243227639753789
0.285205774498122
0.286458903474625
0.297229285044177
0.341066385136088
0.329345751112807
0.339759690432496
0.319700291129107
0.292930014572273
0.306642167263851
0.276039837466094
0.226465207381538
0.205612611709603
0.161821663474187
0.138561464030035
0.110591615176897
0.068378392418419
0.008632502750910
0.057668064574982
0.035236087572054
0.037399838312672
0.030143385128085
0.013702160699531
0.032907389752158
-0.002846145832594
-0.012950994708221
0.021819148522510
-0.033255028074125
0.022453457229323
0.016651682643176
0.009514381443898
-0.017203254499979
0.016790727583726
-0.028356425773222
0.008206016650159
-0.029897096848382
-0.017157214966173
0.023094083073144
-0.020297594529202
0.005238630320715
