0.000266013603925
0.000266014981667
0.000266016429438
0.000266014854200
0.000266014224579
0.000266017752651
0.000266015435977
0.000266017525980
0.000266015874477
0.000266020850987
0.000266020479268
0.000266020029534
0.000266017357458
0.000266023502559
0.000266020879700
0.000266023597519
0.000266026131040
0.000266027125280
0.000266030080665
0.000266031692962
0.000266031095699
0.000266036328637
0.000266036577959
0.000266038420624
0.000266042742477
0.000266043602313
0.000266049510631
0.000266050948946
0.000266042956002
0.000266061033695
0.000266058594448
0.000266070556308
0.000266074729086
0.000266080894987
0.000266088629852
0.000266095088508
0.000266103308801
0.000266112845600
0.000266123991382
0.000266132263289
0.000266145249214
0.000266160601121
0.000266173012744
0.000266188838960
0.000266205789250
0.000266226584006
0.000266245161805
0.000266267153246
0.000266295370782
0.000266321992431
0.000266349330408
0.000266385361545
0.000266421543107
0.000266460605669
0.000266504319902
0.000266550109580
0.000266603016912
0.000266660434126
0.000266720666118
0.000266791807652
0.000266867086658
0.000266946184631
0.000267039306399
0.000267136153090
0.000267247235008
0.000267352237158
0.000267493715226
0.000267637677042
0.000267779494426
0.000267965212855
0.000268153064816
0.000268357860313
0.000268583659620
0.000268827908556
0.000269092994525
0.000269391563760
0.000269716689289
0.000270068196136
0.000270456701670
0.000270876276392
0.000271338904890
0.000271846304199
0.000272397917502
0.000272999756390
0.000273659761812
0.000274377371070
0.000275159086628
0.000276016491434
0.000276949785822
0.000277967503879
0.000279074120061
0.000280281446079
0.000281590832196
0.000283019055220
0.000284570003170
0.000286250518234
0.000288075033994
0.000290055533030
0.000292199737332
0.000294518101613
0.000297028245355
0.000299735607334
0.000302660472549
0.000305808184383
0.000309203508699
0.000312848944403
0.000316765589500
0.000320964800736
0.000325464574513
0.000330274822624
0.000335322567257
0.000340829728136
0.000346718295680
0.000352916365441
0.000359486255577
0.000366451246712
0.000373806387496
0.000381569057317
0.000389747097440
0.000398334563253
0.000407336154017
0.000416765245787
0.000426601604319
0.000436854583658
0.000447505819974
0.000458556700643
0.000469985621064
0.000481784155098
0.000493932825609
0.000506416915516
0.000519217927586
0.000532320090758
0.000545690789738
0.000559310880232
0.000573173976678
0.000587244954628
0.000601517045420
0.000615966746045
0.000630584899450
0.000645361034245
0.000660278789441
0.000675329076551
0.000690514446112
0.000705787441845
0.000721272076188
0.000736840931867
0.000752543718587
0.000768381992435
0.000784350567701
0.000800452983369
0.000816690117962
0.000833087291519
0.000849625834658
0.000866304065172
0.000883116969897
0.000900079144471
0.000917178039294
0.000934407410038
0.000951752297913
0.000969218182978
0.000986801032839
0.001004477931177
0.001022243525418
0.001040091165616
0.001058013689888
0.001075997993125
0.001094040910937
0.001112133190838
0.001130261866211
0.001148437818707
0.001166640735108
0.001184872246319
0.001203130020158
0.001221413222978
0.001239721632402
0.001258058626770
0.001276421649908
0.001294820014822
0.001313255208777
0.001331732730113
0.001350262298459
0.001368850949277
0.001387511315844
0.001406242186198
0.001425070880114
0.001444003145291
0.001463052699916
0.001482233813767
0.001501563942462
0.001521058490933
0.001540735210179
0.001560609557759
0.001580704041948
0.001601026381483
0.001621608801513
0.001642459546893
0.001663609245672
0.001685082921547
0.001706883736611
0.001729043535491
0.001751583120521
0.001774525398292
0.001797897986878
0.001821730038490
0.001846055575469
0.001870907201701
0.001896326923998
0.001922358355299
0.001949057376926
0.001976477451602
0.002004689968300
0.002033768814390
0.002063796237492
0.002094872625614
0.002127096871925
0.002160613030230
0.002195539987745
0.002232021108210
0.002270226388472
0.002310338114075
0.002352558006989
0.002397076206589
0.002444127378587
0.002493992541470
0.002546909585671
0.002603167429479
0.002663105152456
0.002727035146260
0.002795309461715
0.002868332801727
0.002946497761198
0.003030247666603
0.003120051828167
0.003216412018346
0.003319872957704
0.003431012952332
0.003550450969851
0.003678855559420
0.003816951426101
0.003965502597281
0.004125340773665
0.004297356212771
0.004482501804493
0.004681802607188
0.004896354140507
0.005127327926517
0.005375965900385
0.005643610783120
0.005931654220108
0.006241614498165
0.006575046872595
0.006933622893158
0.007319093807404
0.007733283805257
0.008178114255846
0.008655589049336
0.009167769149389
0.009716797153370
0.010304880628773
0.010934291260475
0.011607359834435
0.012326455224214
0.013094000559875
0.013912436878070
0.014784231046344
0.015711867221711
0.016697818948033
0.017744562436770
0.018854546553733
0.020030167018217
0.021273781737422
0.022587699067652
0.023974122307652
0.025435161448070
0.026972857897325
0.028589068319750
0.030285562209815
0.032063920158702
0.033925573849548
0.035871765255544
0.037903542142000
0.040021747522880
0.042226997575380
0.044519678316943
0.046899938278512
0.049367667475365
0.051922505994905
0.054563823386512
0.057290720301787
0.060102021316245
0.062996273399360
0.065971753010028
0.069026431714181
0.072158039344627
0.075364020301850
0.078641555909253
0.081987586577950
0.085398812455718
0.088871721774934
0.092402606812250
0.095987594050579
0.099622669458132
0.103303703708130
0.107026477834713
0.110786704452621
0.114580049713200
0.118402147735943
0.122248582682841
0.126114906250735
0.129996600607140
0.133889061391286
0.137787554898798
0.141687175705384
0.145582807455923
0.149469071529786
0.153340300366081
0.157190502221080
0.161013356228492
0.164802213991499
0.168550128847177
0.172249903918595
0.175894162386123
0.179475434537967
0.182986261060703
0.186419311510478
0.189767505998587
0.193024139792772
0.196182998800656
0.199238468344321
0.202185627610035
0.205020323313295
0.207739222728371
0.210339848904046
0.212820588935324
0.215180684042089
0.217420198751415
0.219539975775554
0.221541579267562
0.223427221030059
0.225199685913778
0.226862253270843
0.228418613373227
0.229872789894257
0.231229060753017
0.232491888340646
0.233665852088269
0.234755589420511
0.235765744659797
0.236700921443921
0.237565645597566
0.238364332200426
0.239101260771226
0.239780553182963
0.240406162742394
0.240981859045953
0.241511223277059
0.241997643126991
0.242444316332911
0.242854247713453
0.243230253811640
0.243574970246998
0.243890856105980
0.244180198665322
0.244445128370265
0.244687616615698
0.244909493692878
0.245112450358546
0.245298049765345
0.245467733582713
0.245622832161862
0.245764567906756
0.245894068451269
0.246012369448508
0.246120421882434
0.246219099261603
0.246309203542268
0.246391468123229
0.246466568035115
0.246535119790783
0.246597689127970
0.246654792241283
0.246706903476655
0.246754455602221
0.246797844433907
0.246837432606509
0.246873550768398
0.246906501733560
0.246936561814441
0.246963983147331
0.246988997130966
0.247011813641380
0.247032625632285
0.247051608230626
0.247068922131717
0.247084713476214
nan
nan
nan
nan
nan
nan
nan
nan
nan
nan
nan
nan
nan
nan
nan
nan
nan
nan
nan
nan
nan
nan
nan
nan
nan
nan
nan
nan
nan
nan
nan
nan
nan
nan
nan
nan
nan
nan
nan
nan
nan
nan
nan
nan
nan
nan
nan
nan
nan
nan
nan
nan
nan
nan
nan
nan
nan
nan
nan
nan
nan
nan
nan
nan
nan
nan
nan
nan
nan
nan
nan
nan
nan
nan
nan
nan
nan
nan
nan
nan
nan
nan
nan
nan
nan
nan
nan
nan
nan
nan
nan
nan
nan
nan
nan
nan
nan
nan
nan
nan
nan
nan
nan
nan
nan
