902.627021853245878
902.627021853318865
902.627021853399242
902.627021853487122
902.627021853583642
902.627021853689484
902.627021853805331
902.627021853932547
902.627021854072041
902.627021854224949
902.627021854392865
902.627021854576697
902.627021854778604
902.627021854999839
902.627021855242674
902.627021855508929
902.627021855800763
902.627021856120791
902.627021856471970
902.627021856856800
902.627021857279146
902.627021857742079
902.627021858249918
902.627021858806984
902.627021859417937
902.627021860087552
902.627021860821969
902.627021861627327
902.627021862511128
902.627021863479854
902.627021864542598
902.627021865707775
902.627021866985842
902.627021868387146
902.627021869924079
902.627021871609827
902.627021873458489
902.627021875485639
902.627021877708899
902.627021880147140
902.627021882821055
902.627021885753720
902.627021888969466
902.627021892496373
902.627021896364340
902.627021900606223
902.627021905257948
902.627021910359872
902.627021915954629
902.627021922090421
902.627021928819659
902.627021936199299
902.627021944292323
902.627021953167969
902.627021962901381
902.627021973576234
902.627021985282909
902.627021998121450
902.627022012201223
902.627022027641942
902.627022044576165
902.627022063147137
902.627022083513339
902.627022105849051
902.627022130343903
902.627022157207307
902.627022186667318
902.627022218975867
902.627022254407962
902.627022293265782
902.627022335880156
902.627022382614541
902.627022433867069
902.627022490075433
902.627022551717346
902.627022619319177
902.627022693456752
902.627022774761713
902.627022863927664
902.627022961714260
902.627023068954486
902.627023186562838
902.627023315541805
902.627023456990401
902.627023612114272
902.627023782235938
902.627023968804565
902.627024173411087
902.627024397798891
902.627024643880418
902.627024913753530
902.627025209717885
902.627025534296081
902.627025890254686
902.627026280627319
902.627026708741482
902.627027178245726
902.627027693141599
902.627028257817642
902.627028877086445
902.627029556226375
902.627030301025570
902.627031117831507
902.627032013606140
902.627032995983882
902.627034073337427
902.627035254848920
902.627036550588628
902.627037971599179
902.627039529991634
902.627041239047685
902.627043113333343
902.627045168822860
902.627047423033332
902.627049895176924
902.627052606322309
902.627055579575540
902.627058840275026
902.627062416209810
902.627066337854671
902.627070638630016
902.627075355187571
902.627080527721773
902.627086200310600
902.627092421295060
902.627099243687667
902.627106725623662
902.627114930859193
902.627123929310756
902.627133797652391
902.627144619968703
902.627156488469495
902.627169504275798
902.627183778279345
902.627199432087423
902.627216599056737
902.627235425428580
902.627256071571537
902.627278713346755
902.627303543602125
902.627330773811423
902.627360635872606
902.627393384075617
902.627429297264598
902.627468681202686
902.627511871168963
902.627559234801083
902.627611175213588
902.627668134413398
902.627730597043637
902.627799094486591
902.627874209359334
902.627956580437058
902.628046908050123
902.628145959993162
902.628254577998973
902.628373684826897
902.628504292026264
902.628647508433687
902.628804549477991
902.628976747359957
902.629165562195340
902.629372594201527
902.629599597029596
902.629848492340443
902.630121385739812
902.630420584188983
902.630748615028779
902.631108246748454
902.631502511658937
902.631934730629951
902.632408540060624
902.632927921276632
902.633497232550212
902.634121243945970
902.634805175224187
902.635554737027519
902.636376175599025
902.637276321280524
902.638262641058645
902.639343295416779
902.640527199770759
902.641824090748173
902.643244597576199
902.644800318828288
902.646503904753104
902.648369145390234
902.650411064627406
902.652646020308566
902.655091810423187
902.657767785329611
902.660694965851803
902.663896166949257
902.667396126516337
902.671221638650877
902.675401690539616
902.679967601808698
902.684953164923854
902.690394784855926
902.696331615867734
902.702805692850689
902.709862054195469
902.717548852701498
902.725917450549105
902.735022493863426
902.744921961949217
902.755677185855120
902.767352830612140
902.780016835284187
902.793740304943753
902.808597348870194
902.824664859726226
902.842022229240229
902.860750997056925
902.880934430935667
902.902657038406915
902.926004012310500
902.951060615306233
902.977911511400293
903.006640055618504
903.037327556087121
903.070052525709912
903.104889943198373
903.141910545170163
903.181180172208201
903.222759191951695
903.266702021400533
903.313056768553224
903.361865010327165
903.413161719529171
903.466975348662345
903.523328072828690
903.582236188251386
903.643710657288466
903.707757785615286
903.774380012739016
903.843576793433385
903.915345545142259
903.989682634986252
904.066584379650408
904.146048032066119
904.228072730269901
904.312660385949812
904.399816492817649
904.489550837886100
904.581878101844950
904.676818337941086
904.774397321963193
904.874646769098945
904.977604416571353
905.083313974044927
905.191824946865722
905.303192340243868
905.417476255484075
905.534741392283308
905.655056473853847
905.778493614067997
905.905127647836139
906.035035447325299
906.168295247264723
906.304986002282476
906.445186797906331
906.588976334450535
906.736432499563875
906.887632040821018
907.042650344634126
907.201561322209841
907.364437397618190
907.531349587684758
907.702367658687194
907.877560341114417
908.056995581260139
908.240740807376369
908.428863188526748
908.621429866154017
908.818508141473330
909.020165605934949
909.226470206775048
909.437490244735500
909.653294306013095
909.873951134992240
910.099529458045708
910.330097771399096
910.565724107647043
910.806475795904475
911.052419229938209
911.303619657054696
911.560140998336692
911.822045708279347
912.089394679300767
912.362247194240126
912.640660928029320
912.924691998322942
913.214395064035330
913.509823470370634
913.811029438911191
914.118064301418599
914.430978776080337
914.749823284731065
915.074648309068493
915.405504782990192
915.742444516960518
916.085520648938200
916.434788114974822
916.790304131436415
917.152128679993780
917.520324986321157
917.894959983819263
918.276104754706239
918.663834942315134
919.058231130271565
919.459379186124124
919.867370568731872
920.282302600037497
920.704278702589704
921.133408604244210
921.569808510884172
922.013601246863459
922.464916361421729
922.923890197787387
923.390665920414335
923.865393495031981
924.348229616175672
924.839337577710353
925.338887083620421
925.847053998830916
926.364020042919492
926.889972432868831
927.425103484206716
927.969610182556153
928.523693739478063
929.087559147257821
929.661414746831611
930.245471821394403
930.839944225480167
931.445048055777988
932.061001365978768
932.688023924005847
933.326337006499216
933.976163222811920
934.637726359361523
935.311251235139025
935.996963560556878
936.695089794466185
937.405856997803085
938.129492686527669
938.866224690759736
939.616281030791242
940.379889823442113
941.157279233609302
941.948677485574535
942.754312946564710
943.574414291286303
944.409210750960483
945.258932444154652
946.123810780034660
947.004078918075834
947.899972262464075
948.811728964840199
949.739590406209118
950.683801627994058
951.644611683468838
952.622273884111564
953.617045920503415
954.629189843877271
955.658971901820223
956.706662229358585
957.772534404190083
958.856864881612864
959.959932330316292
961.082016894300864
962.223399408578871
963.384360596906845
964.565180278695721
965.766136609604928
966.987505376479248
968.229559362559144
969.492567793746048
970.776795871517493
972.082504393274121
973.409949456785739
974.759382242245920
976.131048863349633
977.525190277837282
978.942042247968061
980.381835342234126
981.844794971003807
983.331141450411792
984.841090090341595
986.374851303501600
987.932630733152905
989.514629396826876
991.121043842345443
992.752066310652367
994.407884897496160
996.088683703090283
997.794642955753261
999.525939092477643
1001.282744776702316
1003.065228831528088
1004.873556065498519
1006.707886968079492
1008.568377253288531
1010.455177232656638
1012.368431002891953
1014.308275439222939
1016.274838992272180
1018.268240294236307
1020.288586588780049
1022.335972007965324
1024.410475728247775
1026.512160045535438
1028.641068415997324
1030.797223514248799
1032.980625363317131
1035.191249591156748
1037.429045866329034
1039.693936560856173
1041.985815681448457
1044.304548101676573
1046.649969117723913
1049.021884339714006
1051.420069919814978
1053.844273108020616
1056.294213117164873
1058.769582270748515
1061.270047400851354
1063.795251458891244
1066.344815299329412
1068.918339595469661
1071.515406847129725
1074.135583441910285
1076.778421734741869
1079.443462114126987
1082.130235027659864
1084.838262943824702
1087.567062231444652
1090.316144942406027
1093.085020487195379
1095.873197196340698
1098.680183763966625
1101.505490572325471
1104.348630898384727
1107.209122005312793
1110.086486123067289
1112.980251323274842
1115.889952294231307
1118.815131022184460
1121.755337385139228
1124.710129665281556
1127.679074985790294
1130.661749677368334
1133.657739579302870
1136.666640279341209
1139.688057296183388
1142.721606207987634
1145.766912730026888
1148.823612744487946
1151.891352285439780
1154.969787482056063
1158.058584463357874
1161.157419227805349
1164.265977481068148
1167.383954445093423
1170.511054641178134
1173.646991649151914
1176.791487844009907
1179.944274110598599
1183.105089536298237
1186.273681081324412
1189.449803226360245
1192.633217597901648
1195.823692572955224
1199.021002866526260
1202.224929107615480
1205.435257411881366
1208.651778961595255
1211.874289605608055
1215.102589493556707
1218.336482759188812
1221.575777267331205
1224.820284437592818
1228.069819155437926
1231.324199777935974
1234.583248237494672
1237.846790242568886
1241.114655569962906
1244.386678439253728
1247.662697956321836
1250.942558610174046
1254.226110805311237
1257.513211410877375
1260.803724307648736
1264.097520914550159
1267.394480677586898
1270.694491505773385
1273.997450140551337
1277.303262447289171
1280.611843619463798
1283.923118288091473
