0.000000000428903
0.000000000515871
0.000000000300168
0.000000000335002
0.000000000517774
0.000000000172730
0.000000000279979
0.000000000545964
0.000000000383964
0.000000000348342
0.000000000205085
0.000000000403374
0.000000000244876
0.000000000258446
0.000000000186235
0.000000000376087
0.000000000308080
0.000000000201348
0.000000000374435
0.000000000427811
0.000000000478438
0.000000000367704
0.000000000565936
0.000000000531643
0.000000000246958
0.000000000299779
0.000000000341200
0.000000000228650
0.000000000294388
0.000000000348073
0.000000000741828
0.000000000456799
0.000000000260200
0.000000000356133
0.000000000756215
0.000000000484028
0.000000000516034
0.000000000344635
0.000000000394607
0.000000000315931
0.000000000511142
0.000000000692863
0.000000000678685
0.000000000283101
0.000000000547026
0.000000000331748
0.000000000270090
0.000000000451071
0.000000000307628
0.000000000330164
0.000000000188990
0.000000000478196
0.000000000499037
0.000000000382552
0.000000000457481
0.000000000397695
0.000000000307157
0.000000000311405
0.000000000331773
0.000000000358571
0.000000000345177
0.000000000214120
0.000000000490038
0.000000000552475
0.000000000410226
0.000000000584745
0.000000000345081
0.000000000421966
0.000000000258662
0.000000000414984
0.000000000226475
0.000000000393153
0.000000000687642
0.000000000552654
0.000000000451339
0.000000000317321
0.000000000495816
0.000000000240019
0.000000000177837
0.000000000223073
0.000000000349533
0.000000000570936
0.000000000395140
0.000000000592362
0.000000000601865
0.000000000234710
0.000000000213900
0.000000000284784
0.000000000444773
0.000000000343968
0.000000000413244
0.000000000518959
0.000000000503873
0.000000000338148
0.000000000388707
0.000000000444439
0.000000000402795
0.000000000551780
0.000000000374669
0.000000000324176
