0.000000064406045
0.000000042852118
0.000000029776874
0.000000019339666
0.000000072228474
0.000000113421471
0.000000270535423
0.000000406417598
0.000001049865659
0.000001826851644
0.000002807324563
0.000003515483968
0.000004650307346
0.000006085443601
0.000007909169653
0.000009974473869
0.000010581177776
0.000011037031072
0.000010924179151
0.000010561153431
0.000009624873201
0.000008257574336
0.000006916411166
0.000006264424883
0.000005872821930
0.000005177394996
0.000004418005119
0.000003743690058
0.000003293608870
0.000002877241741
0.000002535173280
0.000001924397793
0.000001336783498
0.000001010921778
0.000000572321937
